# unix_time, cycles_done, cur_path, paths_total, pending_total, pending_favs, map_size, unique_crashes, unique_hangs, max_depth, execs_per_sec
1580222511, 0, 0, 1, 1, 1, 0.17%, 0, 0, 1, 347.83
1580222516, 0, 0, 18, 18, 1, 0.22%, 0, 1, 2, 713.09
1580222522, 0, 0, 18, 18, 1, 0.22%, 1, 1, 2, 725.31
1580222527, 0, 0, 20, 20, 1, 0.22%, 1, 1, 2, 83.84
1580222542, 0, 0, 21, 21, 1, 0.23%, 1, 1, 2, 670.00
1580222547, 0, 0, 22, 22, 1, 0.23%, 1, 1, 2, 790.22
1580222557, 0, 4, 23, 21, 18, 0.23%, 1, 1, 2, 859.31
1580222562, 0, 5, 23, 20, 17, 0.23%, 1, 1, 2, 850.83
1580222598, 0, 7, 23, 19, 16, 0.23%, 1, 1, 2, 936.32
1580222608, 0, 8, 23, 18, 15, 0.23%, 1, 1, 2, 975.76
1580222613, 0, 8, 24, 19, 15, 0.23%, 1, 1, 3, 971.07
1580222634, 0, 9, 25, 19, 15, 0.24%, 1, 1, 3, 994.02
1580222649, 0, 10, 25, 18, 15, 0.24%, 1, 1, 3, 497.51
1580222679, 0, 11, 25, 17, 14, 0.24%, 1, 1, 3, 918.57
1580222695, 0, 12, 26, 17, 13, 0.24%, 1, 1, 3, 952.15
1580222710, 0, 13, 26, 16, 13, 0.24%, 1, 1, 3, 969.12
1580222725, 0, 14, 27, 16, 12, 0.24%, 1, 1, 3, 829.31
1580222741, 0, 15, 27, 15, 12, 0.24%, 1, 1, 3, 929.46
1580222766, 0, 16, 27, 14, 11, 0.24%, 1, 1, 3, 817.77
1580222777, 0, 17, 27, 13, 10, 0.24%, 1, 1, 3, 921.24
1580222787, 0, 18, 27, 12, 9, 0.24%, 1, 1, 3, 888.61
1580222797, 0, 19, 27, 11, 8, 0.24%, 1, 1, 3, 873.16
1580222818, 0, 20, 27, 10, 7, 0.24%, 1, 1, 3, 986.08
1580222823, 0, 21, 27, 9, 6, 0.24%, 1, 1, 3, 949.67
1580222843, 0, 22, 27, 8, 5, 0.24%, 1, 1, 3, 956.93
1580222869, 0, 23, 27, 7, 4, 0.24%, 1, 1, 3, 696.46
1580222904, 0, 24, 27, 6, 3, 0.24%, 1, 1, 3, 800.68
1580222940, 0, 25, 27, 5, 2, 0.24%, 1, 1, 3, 520.51
1580222971, 0, 26, 27, 4, 1, 0.24%, 1, 1, 3, 61.99
1580223002, 1, 10, 27, 3, 0, 0.24%, 1, 1, 3, 788.89
1580223007, 2, 0, 27, 3, 0, 0.24%, 1, 1, 3, 887.03
1580223012, 2, 12, 27, 3, 0, 0.24%, 1, 1, 3, 905.09
1580223017, 2, 19, 27, 3, 0, 0.24%, 1, 1, 3, 894.45
1580223022, 2, 25, 27, 3, 0, 0.24%, 1, 1, 3, 873.49
1580223027, 3, 9, 27, 3, 0, 0.24%, 1, 1, 3, 907.24
1580223032, 3, 15, 27, 3, 0, 0.24%, 1, 1, 3, 920.43
1580223037, 3, 23, 27, 3, 0, 0.24%, 1, 1, 3, 895.87
1580223042, 4, 0, 27, 3, 0, 0.24%, 1, 1, 3, 855.85
1580223047, 4, 6, 27, 3, 0, 0.24%, 1, 1, 3, 921.06
1580223052, 4, 10, 27, 2, 0, 0.24%, 1, 1, 3, 935.38
1580223058, 4, 17, 27, 2, 0, 0.24%, 1, 1, 3, 923.46
1580223063, 4, 24, 27, 2, 0, 0.24%, 1, 1, 3, 903.49
1580223068, 5, 2, 27, 2, 0, 0.24%, 1, 1, 3, 913.10
1580223073, 5, 13, 27, 1, 0, 0.24%, 1, 1, 3, 940.61
1580223078, 5, 21, 27, 1, 0, 0.24%, 1, 1, 3, 914.54
1580223083, 5, 25, 27, 1, 0, 0.24%, 1, 1, 3, 884.52
1580223088, 6, 10, 27, 1, 0, 0.24%, 1, 1, 3, 920.24
1580223093, 6, 18, 27, 1, 0, 0.24%, 1, 1, 3, 949.93
1580223098, 6, 24, 27, 1, 0, 0.24%, 1, 1, 3, 768.63
1580223103, 7, 2, 27, 1, 0, 0.24%, 1, 1, 3, 825.00
1580223109, 7, 13, 27, 1, 0, 0.24%, 1, 1, 3, 882.57
1580223114, 7, 23, 27, 1, 0, 0.24%, 1, 1, 3, 931.11
1580223119, 7, 26, 27, 1, 0, 0.24%, 1, 1, 3, 936.44
1580223124, 8, 12, 27, 1, 0, 0.24%, 1, 1, 3, 945.19
1580223129, 8, 20, 27, 1, 0, 0.24%, 1, 1, 3, 926.63
1580223134, 8, 25, 27, 1, 0, 0.24%, 1, 1, 3, 920.11
1580223139, 9, 3, 27, 1, 0, 0.24%, 1, 1, 3, 929.16
1580223159, 9, 12, 27, 0, 0, 0.24%, 1, 1, 3, 948.35
1580223164, 9, 21, 27, 0, 0, 0.24%, 1, 1, 3, 922.98
